 0.00000 0.00000 0.00000 0.00000 0.00000 0.00000 0.00000 0.00000 0.00000 0.00000 0.00000 0.00000 0.00000 0.00000 0.00000 0.00000 0.00000
 0.00000 0.00000 0.00000 0.00000 0.00000 0.00039 0.00060 0.00073 0.00077 0.00073 0.00060 0.00039 0.00000 0.00000 0.00000 0.00000 0.00000
 0.00000 0.00000 0.00000-0.00029 0.00004 0.00031 0.00051 0.00063 0.00067 0.00063 0.00051 0.00031 0.00004-0.00029 0.00000 0.00000 0.00000
 0.00000 0.00000-0.00075-0.00040-0.00007 0.00019 0.00038 0.00049 0.00053 0.00049 0.00038 0.00019-0.00007-0.00040-0.00075 0.00000 0.00000
 0.00000 0.00000-0.00086-0.00051-0.00019 0.00006 0.00023 0.00033 0.00036 0.00033 0.00023 0.00006-0.00019-0.00051-0.00086 0.00000 0.00000
 0.00000-0.00130-0.00095-0.00060-0.00029-0.00006 0.00010 0.00019 0.00022 0.00019 0.00010-0.00006-0.00029-0.00060-0.00095-0.00130 0.00000
 0.00000-0.00135-0.00100-0.00066-0.00037-0.00015-0.00001 0.00007 0.00010 0.00007-0.00001-0.00015-0.00037-0.00066-0.00100-0.00135 0.00000
 0.00000-0.00136-0.00102-0.00069-0.00041-0.00021-0.00007 0.00000 0.00003 0.00000-0.00007-0.00021-0.00041-0.00069-0.00102-0.00136 0.00000
 0.00000-0.00133-0.00101-0.00069-0.00043-0.00023-0.00010-0.00002 0.00000-0.00002-0.00010-0.00023-0.00043-0.00069-0.00101-0.00133 0.00000
 0.00000-0.00126-0.00098-0.00068-0.00042-0.00022-0.00008 0.00000 0.00003 0.00000-0.00008-0.00022-0.00042-0.00068-0.00098-0.00126 0.00000
 0.00000-0.00115-0.00094-0.00066-0.00040-0.00018-0.00002 0.00008 0.00011 0.00008-0.00002-0.00018-0.00040-0.00066-0.00094-0.00115 0.00000
 0.00000 0.00000-0.00088-0.00064-0.00036-0.00011 0.00008 0.00020 0.00024 0.00020 0.00008-0.00011-0.00036-0.00064-0.00088 0.00000 0.00000
 0.00000 0.00000-0.00078-0.00059-0.00032-0.00004 0.00020 0.00035 0.00041 0.00035 0.00020-0.00004-0.00032-0.00059-0.00078 0.00000 0.00000
 0.00000 0.00000 0.00000-0.00052-0.00028 0.00003 0.00030 0.00049 0.00056 0.00049 0.00030 0.00003-0.00028-0.00052 0.00000 0.00000 0.00000
 0.00000 0.00000 0.00000 0.00000 0.00000 0.00006 0.00036 0.00057 0.00065 0.00057 0.00036 0.00006 0.00000 0.00000 0.00000 0.00000 0.00000
 0.00000 0.00000 0.00000 0.00000 0.00000 0.00000 0.00000 0.00000 0.00000 0.00000 0.00000 0.00000 0.00000 0.00000 0.00000 0.00000 0.00000
 0.00000 0.00000 0.00000 0.00000 0.00000 0.00000 0.00000 0.00000 0.00000 0.00000 0.00000 0.00000 0.00000 0.00000 0.00000 0.00000 0.00000
