 field wavelength pupil_y value_1 value_2 value_3
 opd 6 1 -1 -0.1048751270360526E-04
 chief_xyz 6 1 -1 -0.1326666213901859E-09 10.8066235644190023 0.0E+00
 sample_xyz 6 1 -1 -0.1320633640163147E-09 10.788662463271411 0.0E+00
 chief_dir 6 1 -1 -0.3967309859992229E-11 0.3231669477345465 0.9463419698459624
 sample_dir 6 1 -1 -0.3669572238846375E-11 0.5038630945022374 0.8637835272790461
 path_opl 6 1 -1 54.941792434908777 76.8875687652922863 55.5275954894634651 76.8190392259246977
 opd 6 1 -0.75 -0.7421182480982225E-05
 chief_xyz 6 1 -0.75 -0.1326666213901859E-09 10.8066235644190023 0.0E+00
 sample_xyz 6 1 -0.75 -0.132173431443686E-09 10.7908357616496993 0.0E+00
 chief_dir 6 1 -0.75 -0.3967309859992229E-11 0.3231669477345465 0.9463419698459624
 sample_dir 6 1 -0.75 -0.3744745718720366E-11 0.4614529948300818 0.8871646597798789
 path_opl 6 1 -0.75 54.941792434908777 76.8875687652922863 55.4308133985180973 77.0279504064862124
 opd 6 1 -0.5 -0.5317626957435095E-05
 chief_xyz 6 1 -0.5 -0.1326666213901859E-09 10.8066235644190023 0.0E+00
 sample_xyz 6 1 -0.5 -0.1323742762295676E-09 10.794551959574715 0.0E+00
 chief_dir 6 1 -0.5 -0.3967309859992229E-11 0.3231669477345465 0.9463419698459624
 sample_dir 6 1 -0.5 -0.38208460947231E-11 0.4171540882777495 0.9088357753924332
 path_opl 6 1 -0.5 54.941792434908777 76.8875687652922863 55.3153218192946028 77.1200174484098966
 opd 6 1 -0.25 -0.3744450722820147E-05
 chief_xyz 6 1 -0.25 -0.1326666213901859E-09 10.8066235644190023 0.0E+00
 sample_xyz 6 1 -0.25 -0.1325472031382484E-09 10.8007170080145247 0.0E+00
 chief_dir 6 1 -0.25 -0.3967309859992229E-11 0.3231669477345465 0.9463419698459624
 sample_dir 6 1 -0.25 -0.3897540641585914E-11 0.3710260508848206 0.9286224580338412
 path_opl 6 1 -0.25 54.941792434908777 76.8875687652922863 55.1585306124302122 77.0793481129259419
 opd 6 1 0.0E+00 -0.2705162209792888E-05
 chief_xyz 6 1 0.0E+00 -0.1326666213901859E-09 10.8066235644190023 0.0E+00
 sample_xyz 6 1 0.0E+00 -0.1326666213901859E-09 10.8066235644190023 0.0E+00
 chief_dir 6 1 0.0E+00 -0.3967309859992229E-11 0.3231669477345465 0.9463419698459624
 sample_dir 6 1 0.0E+00 -0.3967309859992229E-11 0.3231669477345465 0.9463419698459624
 path_opl 6 1 0.0E+00 54.941792434908777 76.8875687652922863 54.941792434908777 76.8875687652922863
 opd 6 1 0.25 -0.2015629981144684E-05
 chief_xyz 6 1 0.25 -0.1326666213901859E-09 10.8066235644190023 0.0E+00
 sample_xyz 6 1 0.25 -0.1327673593948691E-09 10.8111377661036414 0.0E+00
 chief_dir 6 1 0.25 -0.3967309859992229E-11 0.3231669477345465 0.9463419698459624
 sample_dir 6 1 0.25 -0.4031544633914274E-11 0.2738112727207076 0.9617834407656768
 path_opl 6 1 0.25 54.941792434908777 76.8875687652922863 54.6497373838844638 76.5262897794898436
 opd 6 1 0.5 -0.1530819211836842E-05
 chief_xyz 6 1 0.5 -0.1326666213901859E-09 10.8066235644190023 0.0E+00
 sample_xyz 6 1 0.5 -0.1328769835257149E-09 10.8141710011223431 0.0E+00
 chief_dir 6 1 0.5 -0.3967309859992229E-11 0.3231669477345465 0.9463419698459624
 sample_dir 6 1 0.5 -0.4091423049368027E-11 0.2233520771300284 0.9747378363650929
 path_opl 6 1 0.5 54.941792434908777 76.8875687652922863 54.2690038444027181 75.9766098291419354
 opd 6 1 0.75 -0.1765589104252285E-05
 chief_xyz 6 1 0.75 -0.1326666213901859E-09 10.8066235644190023 0.0E+00
 sample_xyz 6 1 0.75 -0.1329734923531145E-09 10.8140780018025353 0.0E+00
 chief_dir 6 1 0.75 -0.3967309859992229E-11 0.3231669477345465 0.9463419698459624
 sample_dir 6 1 0.75 -0.4145990022007764E-11 0.1721849910530103 0.9850646318166507
 path_opl 6 1 0.75 54.941792434908777 76.8875687652922863 53.7881402178515771 75.218902984754223
 opd 6 1 1 -0.3527438551031992E-05
 chief_xyz 6 1 1 -0.1326666213901859E-09 10.8066235644190023 0.0E+00
 sample_xyz 6 1 1 -0.1330106400207684E-09 10.8090377557524402 0.0E+00
 chief_dir 6 1 1 -0.3967309859992229E-11 0.3231669477345465 0.9463419698459624
 sample_dir 6 1 1 -0.4193675274011175E-11 0.1208119335772574 0.9926754135694729
 path_opl 6 1 1 54.941792434908777 76.8875687652922863 53.2016103792494448 74.2349865758776843
 opd 6 2 -1 0.0E+00
 chief_xyz 6 2 -1 -0.1328313110054672E-09 10.8200006041021624 0.0E+00
 sample_xyz 6 2 -1 -0.1323314430372543E-09 10.8254983110914189 0.0E+00
 chief_dir 6 2 -1 -0.396857868434451E-11 0.3227279650688887 0.9464917646564569
 sample_dir 6 2 -1 -0.3666741382533488E-11 0.5036888813874711 0.8638851259089004
 path_opl 6 2 -1 54.9423426095615639 76.5689179941026765 55.5304628328658652 76.5107981517486593
 opd 6 2 -0.75 0.0E+00
 chief_xyz 6 2 -0.75 -0.1328313110054672E-09 10.8200006041021624 0.0E+00
 sample_xyz 6 2 -0.75 -0.1324061494402058E-09 10.8172230486168282 0.0E+00
 chief_dir 6 2 -0.75 -0.396857868434451E-11 0.3227279650688887 0.9464917646564569
 sample_dir 6 2 -0.75 -0.3741451278441998E-11 0.4611254423442359 0.8873349572866106
 path_opl 6 2 -0.75 54.9423426095615639 76.5689179941026765 55.4319676043537442 76.714637989016822
 opd 6 2 -0.5 0.0E+00
 chief_xyz 6 2 -0.5 -0.1328313110054672E-09 10.8200006041021624 0.0E+00
 sample_xyz 6 2 -0.5 -0.1325778466060704E-09 10.8143772059539813 0.0E+00
 chief_dir 6 2 -0.5 -0.396857868434451E-11 0.3227279650688887 0.9464917646564569
 sample_dir 6 2 -0.5 -0.3816957723883474E-11 0.4167427889540247 0.9090244484362449
 path_opl 6 2 -0.5 54.9423426095615639 76.5689179941026765 55.3158283391100483 76.8038158100050907
 opd 6 2 -0.25 0.0E+00
 chief_xyz 6 2 -0.25 -0.1328313110054672E-09 10.8200006041021624 0.0E+00
 sample_xyz 6 2 -0.25 -0.1327279700776829E-09 10.8164762174013198 0.0E+00
 chief_dir 6 2 -0.25 -0.396857868434451E-11 0.3227279650688887 0.9464917646564569
 sample_dir 6 2 -0.25 -0.3892865928333001E-11 0.3705823058764994 0.9287996310137394
 path_opl 6 2 -0.25 54.9423426095615639 76.5689179941026765 55.1589446391130878 76.7615342736363999
 opd 6 2 0.0E+00 0.0E+00
 chief_xyz 6 2 0.0E+00 -0.1328313110054672E-09 10.8200006041021624 0.0E+00
 sample_xyz 6 2 0.0E+00 -0.1328313110054672E-09 10.8200006041021624 0.0E+00
 chief_dir 6 2 0.0E+00 -0.396857868434451E-11 0.3227279650688887 0.9464917646564569
 sample_dir 6 2 0.0E+00 -0.396857868434451E-11 0.3227279650688887 0.9464917646564569
 path_opl 6 2 0.0E+00 54.9423426095615639 76.5689179941026765 54.9423426095615639 76.5689179941026765
 opd 6 2 0.25 0.0E+00
 chief_xyz 6 2 0.25 -0.1328313110054672E-09 10.8200006041021624 0.0E+00
 sample_xyz 6 2 0.25 -0.1329203186142711E-09 10.8231561425662868 0.0E+00
 chief_dir 6 2 0.25 -0.396857868434451E-11 0.3227279650688887 0.9464917646564569
 sample_dir 6 2 0.25 -0.402556456183111E-11 0.273399929197916 0.9619004515616867
 path_opl 6 2 0.25 54.9423426095615639 76.5689179941026765 54.6503715174761098 76.2072268966509796
 opd 6 2 0.5 0.0E+00
 chief_xyz 6 2 0.5 -0.1328313110054672E-09 10.8200006041021624 0.0E+00
 sample_xyz 6 2 0.5 -0.1330228584734036E-09 10.8252278491016991 0.0E+00
 chief_dir 6 2 0.5 -0.396857868434451E-11 0.3227279650688887 0.9464917646564569
 sample_dir 6 2 0.5 -0.4084879023950026E-11 0.2229706416350431 0.9748251602050787
 path_opl 6 2 0.5 54.9423426095615639 76.5689179941026765 54.2694052606259945 75.6573039823043558
 opd 6 2 0.75 0.0E+00
 chief_xyz 6 2 0.75 -0.1328313110054672E-09 10.8200006041021624 0.0E+00
 sample_xyz 6 2 0.75 -0.1331166310241204E-09 10.8240905596901378 0.0E+00
 chief_dir 6 2 0.75 -0.396857868434451E-11 0.3227279650688887 0.9464917646564569
 sample_dir 6 2 0.75 -0.4138938545328638E-11 0.1718157143333796 0.9851291084462541
 path_opl 6 2 0.75 54.9423426095615639 76.5689179941026765 53.7877396279856299 74.8993871553564077
 opd 6 2 1 0.0E+00
 chief_xyz 6 2 1 -0.1328313110054672E-09 10.8200006041021624 0.0E+00
 sample_xyz 6 2 1 -0.1331578111772964E-09 10.818157863034715 0.0E+00
 chief_dir 6 2 1 -0.396857868434451E-11 0.3227279650688887 0.9464917646564569
 sample_dir 6 2 1 -0.4186270553301391E-11 0.120440279059248 0.9927205745727893
 path_opl 6 2 1 54.9423426095615639 76.5689179941026765 53.1994975991066212 73.9153351436964812
 opd 6 3 -1 -0.3080337208416495E-05
 chief_xyz 6 3 -1 -0.132935074903809E-09 10.8284908401442053 0.0E+00
 sample_xyz 6 3 -1 -0.1324838983806961E-09 10.8367357133881015 0.0E+00
 chief_dir 6 3 -1 -0.3958600677014273E-11 0.3224548506939153 0.9465848452536957
 sample_dir 6 3 -1 -0.3665067325944063E-11 0.5032955627773994 0.8641143306811789
 path_opl 6 3 -1 54.9426933572237175 76.3641292461460495 55.5270609196670648 76.3073993351898707
 opd 6 3 -0.75 -0.8121355321577539E-06
 chief_xyz 6 3 -0.75 -0.132935074903809E-09 10.8284908401442053 0.0E+00
 sample_xyz 6 3 -0.75 -0.1325426112100351E-09 10.8257854030245149 0.0E+00
 chief_dir 6 3 -0.75 -0.3958600677014273E-11 0.3224548506939153 0.9465848452536957
 sample_dir 6 3 -0.75 -0.3739439519592847E-11 0.4607143184835058 0.8875484869821356
 path_opl 6 3 -0.75 54.9426933572237175 76.3641292461460495 55.4294917498594799 76.5099625474564533
 opd 6 3 -0.5 -0.2237797431803301E-06
 chief_xyz 6 3 -0.5 -0.132935074903809E-09 10.8284908401442053 0.0E+00
 sample_xyz 6 3 -0.5 -0.1327007625377339E-09 10.8219004468249729 0.0E+00
 chief_dir 6 3 -0.5 -0.3958600677014273E-11 0.3224548506939153 0.9465848452536957
 sample_dir 6 3 -0.5 -0.3814553158180601E-11 0.4163496310752429 0.9092045890246653
 path_opl 6 3 -0.5 54.9426933572237175 76.3641292461460495 55.3143598807839894 76.5986923181883981
 opd 6 3 -0.25 -0.4658067496166041E-06
 chief_xyz 6 3 -0.25 -0.132935074903809E-09 10.8284908401442053 0.0E+00
 sample_xyz 6 3 -0.25 -0.1328399951865375E-09 10.8240801842570882 0.0E+00
 chief_dir 6 3 -0.25 -0.3958600677014273E-11 0.3224548506939153 0.9465848452536957
 sample_dir 6 3 -0.25 -0.3889961730403718E-11 0.3702370415225932 0.9289373138617034
 path_opl 6 3 -0.25 54.9426933572237175 76.3641292461460495 55.158452091695743 76.5564418255458463
 opd 6 3 0.0E+00 -0.1062509376481557E-05
 chief_xyz 6 3 0.0E+00 -0.132935074903809E-09 10.8284908401442053 0.0E+00
 sample_xyz 6 3 0.0E+00 -0.132935074903809E-09 10.8284908401442053 0.0E+00
 chief_dir 6 3 0.0E+00 -0.3958600677014273E-11 0.3224548506939153 0.9465848452536957
 sample_dir 6 3 0.0E+00 -0.3958600677014273E-11 0.3224548506939153 0.9465848452536957
 path_opl 6 3 0.0E+00 54.9426933572237175 76.3641292461460495 54.9426933572237175 76.3641292461460495
 opd 6 3 0.25 -0.1927764728293369E-05
 chief_xyz 6 3 0.25 -0.132935074903809E-09 10.8284908401442053 0.0E+00
 sample_xyz 6 3 0.25 -0.1330195251991126E-09 10.8330776547330032 0.0E+00
 chief_dir 6 3 0.25 -0.3958600677014273E-11 0.3224548506939153 0.9465848452536957
 sample_dir 6 3 0.25 -0.4021850227013861E-11 0.2732171517844823 0.9619523834217446
 path_opl 6 3 0.25 54.9426933572237175 76.3641292461460495 54.6513185762221596 76.0028618547203791
 opd 6 3 0.5 -0.2976792202957768E-05
 chief_xyz 6 3 0.5 -0.132935074903809E-09 10.8284908401442053 0.0E+00
 sample_xyz 6 3 0.5 -0.1331193005778735E-09 10.8368762957992004 0.0E+00
 chief_dir 6 3 0.5 -0.3958600677014273E-11 0.3224548506939153 0.9465848452536957
 sample_dir 6 3 0.5 -0.4080833902035665E-11 0.2228867235208215 0.9748443508982109
 path_opl 6 3 0.5 54.9426933572237175 76.3641292461460495 54.2705694270460413 75.4533649521052041
 opd 6 3 0.75 -0.3628594718918521E-05
 chief_xyz 6 3 0.75 -0.132935074903809E-09 10.8284908401442053 0.0E+00
 sample_xyz 6 3 0.75 -0.1332126532379009E-09 10.8376089377506695 0.0E+00
 chief_dir 6 3 0.75 -0.3958600677014273E-11 0.3224548506939153 0.9465848452536957
 sample_dir 6 3 0.75 -0.4134607639881671E-11 0.1718301182056586 0.9851265961679384
 path_opl 6 3 0.75 54.9426933572237175 76.3641292461460495 53.7885916669207376 74.6958133257812165
 opd 6 3 1 -0.3199120627073171E-05
 chief_xyz 6 3 1 -0.132935074903809E-09 10.8284908401442053 0.0E+00
 sample_xyz 6 3 1 -0.1332572722440977E-09 10.8340439993867381 0.0E+00
 chief_dir 6 3 1 -0.3958600677014273E-11 0.3224548506939153 0.9465848452536957
 sample_dir 6 3 1 -0.4181759902432691E-11 0.1205600995183059 0.9927060302043784
 path_opl 6 3 1 54.9426933572237175 76.3641292461460495 53.1992835016823307 73.712100941834251
