 reference wavelength pupil_y opd_w1 opd_w2 opd_w3
 1 -1 0.0E+00 -0.5381367422785388E-05 -0.1414014657541429E-04
 1 -0.5 0.0E+00 -0.1345300276511807E-05 -0.456009425420234E-05
 1 0.0E+00 0.0E+00 -0.2734831348050193E-05 -0.7208190446306162E-05
 1 0.5 0.0E+00 -0.5213945136972598E-05 -0.1383384480391214E-04
 1 1 0.0E+00 -0.4505988172809339E-05 -0.1643540907281249E-04
 2 -1 -0.1048751270360526E-04 0.0E+00 -0.3080337208416495E-05
 2 -0.5 -0.5317626957435095E-05 0.0E+00 -0.2237797431803301E-06
 2 0.0E+00 -0.2705162209792888E-05 0.0E+00 -0.1062509376481557E-05
 2 0.5 -0.1530819211836842E-05 0.0E+00 -0.2976792202957768E-05
 2 1 -0.3527438551031992E-05 0.0E+00 -0.3199120627073171E-05
 3 -1 -0.153264743758541E-04 0.1355099399802384E-05 0.0E+00
 3 -0.5 -0.9442041374541077E-05 -0.1071726643431248E-05 0.0E+00
 3 0.0E+00 -0.720538966447748E-05 -0.1085356572616547E-05 0.0E+00
 3 0.5 -0.8352268821454345E-05 -0.141290497879254E-05 0.0E+00
 3 1 -0.1578657110457016E-04 -0.4472982766401401E-05 0.0E+00
