 marker field wavelength pupil_y value_1 value_2 value_3
 opd 6 1 -1 -0.1048751270360526E-04
 surface1_xyz 6 1 -1 0.3161667937730695E-10 -10.0179811621991632 2.3605310000451443
 surface1_dir 6 1 -1 -0.2600478537736918E-11 0.3666947452314978 0.9303413157651372
 opd 6 1 -0.75 -0.7421182480982225E-05
 surface1_xyz 6 1 -0.75 0.3497852289567447E-10 -8.5330307235540523 1.6858471543090126
 surface1_dir 6 1 -0.75 -0.2666837322189068E-11 0.3349182975428097 0.9422471724399208
 opd 6 1 -0.5 -0.5317626957435095E-05
 surface1_xyz 6 1 -0.5 0.3778783859026892E-10 -6.9374751992839538 1.0994038824665591
 surface1_dir 6 1 -0.5 -0.2723328857234739E-11 0.3015736364079256 0.9534428886009378
 opd 6 1 -0.25 -0.3744450722820147E-05
 surface1_xyz 6 1 -0.25 0.4020175940321638E-10 -5.2304108413384522 0.6181266575668545
 surface1_dir 6 1 -0.25 -0.2774071601564379E-11 0.2664167019654823 0.9638579464391188
 opd 6 1 0.0E+00 -0.2705162209792888E-05
 surface1_xyz 6 1 0.0E+00 0.4193615645554485E-10 -3.4160600850119569 0.2615604022445002
 surface1_dir 6 1 0.0E+00 -0.2813993718170846E-11 0.2292208476983448 0.9733744413022422
 opd 6 1 0.25 -0.2015629981144684E-05
 surface1_xyz 6 1 0.25 0.4291616017937821E-10 -1.4986611511975141 0.0501042281051554
 surface1_dir 6 1 0.25 -0.2842184382219452E-11 0.1896519096670826 0.9818513905676504
 opd 6 1 0.5 -0.1530819211836842E-05
 surface1_xyz 6 1 0.5 0.4306114064442157E-10 0.5149187380586815 0.0059090395914119
 surface1_dir 6 1 0.5 -0.2857344250123529E-11 0.1472989111349141 0.9890920234126188
 opd 6 1 0.75 -0.1765589104252285E-05
 surface1_xyz 6 1 0.75 0.4228701173250198E-10 2.6136964731669576 0.1527472382459578
 surface1_dir 6 1 0.75 -0.285768239089071E-11 0.1016768587306775 0.994817478937047
 opd 6 1 1 -0.3527438551031992E-05
 surface1_xyz 6 1 1 0.4051406761176765E-10 4.7798288517559691 0.5150150605432628
 surface1_dir 6 1 1 -0.284085517791923E-11 0.0522604020988694 0.9986334915135104
 opd 6 2 -1 0.0E+00
 surface1_xyz 6 2 -1 0.3173301302056954E-10 -10.0295269956351323 2.3662960772059343
 surface1_dir 6 2 -1 -0.2610311277591012E-11 0.3664355707878768 0.9304434278672524
 opd 6 2 -0.75 0.0E+00
 surface1_xyz 6 2 -0.75 0.3508643363579859E-10 -8.5420531716573969 1.6895593349436968
 surface1_dir 6 2 -0.75 -0.2675968829131744E-11 0.3348217401264221 0.9422814878467657
 opd 6 2 -0.5 0.0E+00
 surface1_xyz 6 2 -0.5 0.3789246326541263E-10 -6.9450841707631179 1.1018791441622842
 surface1_dir 6 2 -0.5 -0.2731957775866054E-11 0.3016826180968926 0.9534084108807748
 opd 6 2 -0.25 0.0E+00
 surface1_xyz 6 2 -0.25 0.4029981567217919E-10 -5.2376563934766285 0.6198647362093102
 surface1_dir 6 2 -0.25 -0.2782195381588224E-11 0.2667711299402622 0.963759910055609
 opd 6 2 0.0E+00 0.0E+00
 surface1_xyz 6 2 0.0E+00 0.4227475191230978E-10 -3.4237898220584433 0.2627524607277341
 surface1_dir 6 2 0.0E+00 -0.2826812196905142E-11 0.2298554703881425 0.973224775030232
 opd 6 2 0.25 0.0E+00
 surface1_xyz 6 2 0.25 0.4301391772333286E-10 -1.507584240987649 0.0507033272226938
 surface1_dir 6 2 0.25 -0.2849878253201874E-11 0.190599000147274 0.981667979075848
 opd 6 2 0.5 0.0E+00
 surface1_xyz 6 2 0.5 0.4316608321090451E-10 0.504314793772862 0.0056681403057066
 surface1_dir 6 2 0.5 -0.2865156480941694E-11 0.1485872823055185 0.9888992969645898
 opd 6 2 0.75 0.0E+00
 surface1_xyz 6 2 0.75 0.4240461671076823E-10 2.6012715551742773 0.151293521175953
 surface1_dir 6 2 0.75 -0.2865876203079859E-11 0.1033291599423327 0.9946472162056312
 opd 6 2 1 0.0E+00
 surface1_xyz 6 2 1 0.4064979999364565E-10 4.7659696669299647 0.5119979809973909
 surface1_dir 6 2 1 -0.2849728516053686E-11 0.0542873197128382 0.9985253561719882
 opd 6 3 -1 -0.3080337208416495E-05
 surface1_xyz 6 3 -1 0.3180613287536499E-10 -10.0359300091347059 2.369496813569393
 surface1_dir 6 3 -1 -0.2616679529274458E-11 0.3662380636067041 0.9305211877037576
 opd 6 3 -0.75 -0.8121355321577539E-06
 surface1_xyz 6 3 -0.75 0.3515413425559103E-10 -8.5470646760863769 1.6916232417074966
 surface1_dir 6 3 -0.75 -0.2681882450344237E-11 0.334737753780859 0.9423113265761719
 opd 6 3 -0.5 -0.2237797431803301E-06
 surface1_xyz 6 3 -0.5 0.3795765767980125E-10 -6.9493890203839097 1.1032808766946154
 surface1_dir 6 3 -0.5 -0.2737536262848671E-11 0.3017387870353435 0.9533906357828567
 opd 6 3 -0.25 -0.4658067496166041E-06
 surface1_xyz 6 3 -0.25 0.4036073423617383E-10 -5.2419237697322369 0.620889594342886
 surface1_dir 6 3 -0.25 -0.278744464804964E-11 0.2669927817497622 0.9636985288426685
 opd 6 3 0.0E+00 -0.1062509376481557E-05
 surface1_xyz 6 3 0.0E+00 0.420910631601627E-10 -3.4285804759295702 0.2634926466306382
 surface1_dir 6 3 0.0E+00 -0.2826839696734303E-11 0.2302652169565553 0.9731279103283137
 opd 6 3 0.25 -0.1927764728293369E-05
 surface1_xyz 6 3 0.25 0.4307448184616086E-10 -1.5133758862856326 0.0510940921158447
 surface1_dir 6 3 0.25 -0.2854840004931358E-11 0.1912181619370618 0.9815475610205608
 opd 6 3 0.5 -0.2976792202957768E-05
 surface1_xyz 6 3 0.5 0.4323128135053223E-10 0.497185109904787 0.0055089884580699
 surface1_dir 6 3 0.5 -0.2870189820290172E-11 0.1494352431212259 0.9887715146146253
 opd 6 3 0.75 -0.3628594718918521E-05
 surface1_xyz 6 3 0.75 0.4247807864060199E-10 2.5926913350688165 0.1502937328192182
 surface1_dir 6 3 0.75 -0.2871151894566708E-11 0.104421669495152 0.9945331140489215
 opd 6 3 1 -0.3199120627073171E-05
 surface1_xyz 6 3 1 0.4073515173802633E-10 4.7561698804901908 0.5098701505923113
 surface1_dir 6 3 1 -0.2855440014437076E-11 0.0556328253281351 0.9984512951296167
